time,acc_x,acc_y,acc_z,mag_x,mag_y,mag_z,gyr_x,gyr_y,gyr_z,ori_z,ori_y,ori_x,q,p1,p2,p3,A0,A1,A2
1589543231.0474837,0.15,-4.38,8.68,0.45444444444444443,0.33555555555555555,-0.6555555555555556,0.0,0.125,0.0625,269.0625,0.0625,26.8125,-0.6824951171875,0.16217041015625,0.16571044921875,-0.69317626953125,0.34953162930465587,0.20871238407865772,0.1431782449240873
1589543231.0634458,0.15,-4.35,8.71,0.45444444444444443,0.33555555555555555,-0.6555555555555556,0.0625,0.0,0.0625,269.0625,0.0625,26.8125,-0.6824951171875,0.16217041015625,0.165771484375,-0.69317626953125,0.34022226900883096,0.4308257391109686,0.1292532014968994
1589543231.0712588,0.13,-4.36,8.73,0.45444444444444443,0.33555555555555555,-0.6555555555555556,0.0,-0.0625,0.1875,269.0625,0.0625,26.8125,-0.6824951171875,0.162109375,0.165771484375,-0.69317626953125,0.34022226900883096,0.4308257391109686,0.1292532014968994
1589543231.0833511,0.12,-4.36,8.75,0.4477777777777778,0.31555555555555553,-0.65,-0.0625,-0.0625,-0.0625,269.0625,0.0625,26.8125,-0.68243408203125,0.162109375,0.165771484375,-0.69317626953125,0.34469892955945086,0.3015432709413334,0.1292532014968994
1589543231.0895493,0.15,-4.35,8.78,0.4477777777777778,0.31555555555555553,-0.65,0.125,-0.1875,-0.0625,269.0625,0.0625,26.75,-0.6824951171875,0.16204833984375,0.165771484375,-0.69317626953125,0.34469892955945086,0.3015432709413334,0.1292532014968994
1589543231.1020615,0.14,-4.37,8.67,0.4477777777777778,0.31555555555555553,-0.65,0.0,-0.3125,0.0625,269.0625,0.0625,26.75,-0.6824951171875,0.16204833984375,0.16583251953125,-0.69317626953125,0.33337121366189926,0.3834344053953583,0.14499939827618344
1589543231.1081474,0.13,-4.37,8.75,0.4477777777777778,0.31555555555555553,-0.65,0.0625,0.0,0.0,269.0625,0.0625,26.75,-0.6824951171875,0.1619873046875,0.16583251953125,-0.69317626953125,0.33337121366189926,0.3834344053953583,0.14499939827618344
1589543231.1214955,0.14,-4.36,8.81,0.4477777777777778,0.31555555555555553,-0.65,0.125,0.0,0.0,269.0625,0.0625,26.75,-0.6824951171875,0.1619873046875,0.16583251953125,-0.69317626953125,0.34022226900883096,0.34022226900883096,0.14499939827618344
1589543231.1279838,0.12,-4.37,8.83,0.43666666666666665,0.3233333333333333,-0.6433333333333333,0.0,0.1875,-0.0625,269.0625,0.0625,26.75,-0.68255615234375,0.1619873046875,0.16583251953125,-0.693115234375,0.34022226900883096,0.34022226900883096,0.13922219991869933
1589543231.1396294,0.14,-4.35,8.75,0.43666666666666665,0.3233333333333333,-0.6433333333333333,0.0,0.375,0.0,269.0625,0.0625,26.75,-0.68255615234375,0.16192626953125,0.16583251953125,-0.693115234375,0.34022226900883096,0.3805443575158459,0.14452832186628542
1589543231.148425,0.13,-4.37,8.67,0.43666666666666665,0.3233333333333333,-0.6433333333333333,0.125,0.25,-0.125,269.0625,0.0625,26.75,-0.68255615234375,0.16192626953125,0.16583251953125,-0.693115234375,0.34022226900883096,0.3805443575158459,0.14452832186628542
1589543231.1611946,0.13,-4.37,8.73,0.43666666666666665,0.3233333333333333,-0.6433333333333333,-0.0625,0.125,-0.0625,269.0625,0.0625,26.75,-0.68255615234375,0.161865234375,0.16583251953125,-0.693115234375,0.34232915890069343,0.3920522731410346,0.1292532014968994
1589543231.1723154,0.14,-4.36,8.71,0.43666666666666665,0.3233333333333333,-0.6433333333333333,0.0625,0.0,0.0625,269.0625,0.0625,26.75,-0.68255615234375,0.161865234375,0.1658935546875,-0.693115234375,0.34232915890069343,0.3920522731410346,0.1292532014968994
1589543231.188121,0.15,-4.37,8.72,0.45444444444444443,0.3233333333333333,-0.6355555555555555,0.125,-0.1875,0.0625,269.125,0.0625,26.75,-0.6827392578125,0.161865234375,0.1658935546875,-0.69293212890625,0.3379095440748334,0.37769476929769935,0.14452832186628542
1589543231.1996882,0.14,-4.36,8.65,0.45444444444444443,0.3233333333333333,-0.6355555555555555,0.125,-0.25,0.0625,269.125,0.125,26.75,-0.6827392578125,0.16180419921875,0.1658935546875,-0.69293212890625,0.34953162930465587,0.3805443575158459,0.1292532014968994
1589543231.2085385,0.13,-4.36,8.7,0.45444444444444443,0.3233333333333333,-0.6355555555555555,0.0625,-0.3125,0.125,269.125,0.125,26.75,-0.6827392578125,0.16180419921875,0.1658935546875,-0.69293212890625,0.34953162930465587,0.3805443575158459,0.1292532014968994
1589543231.2220535,0.13,-4.36,8.77,0.45444444444444443,0.3233333333333333,-0.6355555555555555,0.125,0.0,-0.0625,269.125,0.125,26.75,-0.6827392578125,0.16180419921875,0.1658935546875,-0.69293212890625,0.3470995556283895,0.35199575785121906,0.1427181542581953
1589543231.2289221,0.16,-4.37,8.82,0.44222222222222224,0.3233333333333333,-0.6711111111111111,0.125,-0.125,0.0,269.125,0.125,26.75,-0.68267822265625,0.1617431640625,0.16595458984375,-0.69305419921875,0.3470995556283895,0.35199575785121906,0.1427181542581953
1589543231.2393112,0.15,-4.37,8.83,0.44222222222222224,0.3233333333333333,-0.6711111111111111,0.0,-0.125,-0.0625,269.125,0.125,26.75,-0.68267822265625,0.16168212890625,0.16595458984375,-0.69305419921875,0.3291641949951565,0.35199575785121906,0.1318943772415091
1589543231.2509212,0.12,-4.37,8.71,0.44222222222222224,0.3233333333333333,-0.6711111111111111,0.0625,0.0,0.0625,269.125,0.125,26.75,-0.68267822265625,0.16168212890625,0.16595458984375,-0.69305419921875,0.3187595953260988,0.35199575785121906,0.1318943772415091
1589543231.2586784,0.13,-4.36,8.76,0.44222222222222224,0.3233333333333333,-0.6711111111111111,-0.125,-0.0625,0.0,269.125,0.125,26.75,-0.68267822265625,0.16162109375,0.16595458984375,-0.69305419921875,0.3187595953260988,0.37769476929769935,0.1427181542581953
1589543231.2723036,0.13,-4.35,8.79,0.44222222222222224,0.3233333333333333,-0.6711111111111111,-0.1875,-0.0625,0.0625,269.125,0.125,26.75,-0.68267822265625,0.16162109375,0.16595458984375,-0.69305419921875,0.27496052092173096,0.37769476929769935,0.1427181542581953
1589543231.2796974,0.12,-4.32,8.78,0.4622222222222222,0.31555555555555553,-0.6433333333333333,-0.125,-0.4375,0.1875,269.125,0.125,26.75,-0.68267822265625,0.16156005859375,0.16595458984375,-0.69305419921875,0.27496052092173096,0.375164051001777,0.14452832186628542
1589543231.2941034,0.16,-4.34,8.74,0.4622222222222222,0.31555555555555553,-0.6433333333333333,-0.375,-0.4375,0.625,269.125,0.125,26.75,-0.68267822265625,0.16156005859375,0.16595458984375,-0.69305419921875,0.29445862267704453,0.3834344053953583,0.14410679330355178
1589543231.3003972,0.16,-4.36,8.67,0.4622222222222222,0.31555555555555553,-0.6433333333333333,-0.125,-0.1875,0.5625,269.125,0.125,26.75,-0.68267822265625,0.16156005859375,0.166015625,-0.69305419921875,0.29445862267704453,0.3834344053953583,0.14410679330355178
1589543231.3100812,0.15,-4.39,8.71,0.4622222222222222,0.31555555555555553,-0.6433333333333333,0.25,0.25,0.6875,269.125,0.125,26.75,-0.6826171875,0.1614990234375,0.166015625,-0.693115234375,0.2962453376934545,0.26311038413585025,0.14410679330355178
1589543231.3225234,0.14,-4.39,8.71,0.4622222222222222,0.31555555555555553,-0.6433333333333333,0.25,0.625,0.9375,269.0625,0.125,26.75,-0.68255615234375,0.16156005859375,0.16595458984375,-0.693115234375,0.2962453376934545,0.26311038413585025,0.14547335342966167
1589543231.3331518,0.16,-4.39,8.76,0.4622222222222222,0.3233333333333333,-0.6355555555555555,0.1875,0.5,0.9375,269.125,0.125,26.75,-0.68267822265625,0.16156005859375,0.16595458984375,-0.69305419921875,0.3248417572103921,0.3015432709413334,0.1427181542581953
1589543231.339741,0.12,-4.38,8.79,0.4622222222222222,0.3233333333333333,-0.6355555555555555,0.1875,0.3125,0.6875,269.125,0.125,26.75,-0.6826171875,0.16156005859375,0.16595458984375,-0.69305419921875,0.3248417572103921,0.3015432709413334,0.1427181542581953
1589543231.3510609,0.14,-4.37,8.67,0.4622222222222222,0.3233333333333333,-0.6355555555555555,0.1875,0.375,0.4375,269.125,0.125,26.75,-0.6826171875,0.16156005859375,0.16595458984375,-0.69305419921875,0.27496052092173096,0.4650333589250033,0.13546571420196252
1589543231.3596265,0.14,-4.37,8.72,0.4622222222222222,0.3233333333333333,-0.6355555555555555,0.25,0.3125,0.1875,269.125,0.125,26.75,-0.68267822265625,0.16156005859375,0.16595458984375,-0.69305419921875,0.27496052092173096,0.4650333589250033,0.13546571420196252
1589543231.3720436,0.11,-4.37,8.77,0.4622222222222222,0.3233333333333333,-0.6355555555555555,0.125,0.0625,0.125,269.125,0.125,26.75,-0.68267822265625,0.1614990234375,0.16595458984375,-0.69305419921875,0.26311038413585025,0.3834344053953583,0.14410679330355178
1589543231.3797507,0.14,-4.36,8.82,0.45444444444444443,0.3088888888888889,-0.6577777777777778,-0.0625,-0.125,0.0625,269.125,0.125,26.75,-0.68267822265625,0.1614990234375,0.16595458984375,-0.69305419921875,0.26311038413585025,0.3834344053953583,0.14410679330355178
1589543231.3897607,0.13,-4.39,8.75,0.45444444444444443,0.3088888888888889,-0.6577777777777778,0.0,0.0,0.0,269.125,0.125,26.75,-0.68267822265625,0.1614990234375,0.16595458984375,-0.69305419921875,0.3248417572103921,0.3890400161097513,0.14410679330355178
1589543231.402976,0.14,-4.35,8.67,0.45444444444444443,0.3088888888888889,-0.6577777777777778,0.0625,0.0,-0.0625,269.125,0.125,26.75,-0.68267822265625,0.16143798828125,0.166015625,-0.69305419921875,0.27496052092173096,0.3863657601866544,0.12998116284250114
1589543231.4092913,0.12,-4.36,8.7,0.45444444444444443,0.3088888888888889,-0.6577777777777778,-0.125,-0.0625,0.125,269.125,0.125,26.75,-0.68267822265625,0.16143798828125,0.166015625,-0.69305419921875,0.27496052092173096,0.3863657601866544,0.12998116284250114
1589543231.4230554,0.11,-4.35,8.72,0.45444444444444443,0.3088888888888889,-0.6577777777777778,-0.125,0.1875,0.0625,269.125,0.125,26.75,-0.68267822265625,0.16143798828125,0.166015625,-0.69305419921875,0.3227201175914994,0.3863657601866544,0.1436411163746438
1589543231.4296017,0.13,-4.37,8.77,0.45444444444444443,0.33,-0.6344444444444445,0.0,0.25,0.0625,269.125,0.125,26.75,-0.68267822265625,0.161376953125,0.166015625,-0.69305419921875,0.3227201175914994,0.39510843012815433,0.14638189198059046
1589543231.444891,0.12,-4.37,8.74,0.45444444444444443,0.33,-0.6344444444444445,0.0625,-0.125,0.0625,269.125,0.125,26.75,-0.68267822265625,0.161376953125,0.166015625,-0.69305419921875,0.2926919490491569,0.3834344053953583,0.14547335342966167
1589543231.450852,0.12,-4.37,8.67,0.45444444444444443,0.33,-0.6344444444444445,0.0625,0.0625,0.0,269.125,0.125,26.75,-0.68267822265625,0.161376953125,0.166015625,-0.69305419921875,0.2926919490491569,0.3834344053953583,0.14547335342966167
1589543231.462903,0.14,-4.36,8.68,0.45444444444444443,0.33,-0.6344444444444445,0.0625,-0.25,0.0625,269.125,0.125,26.75,-0.68267822265625,0.161376953125,0.166015625,-0.69305419921875,0.3291641949951565,0.3863657601866544,0.14452832186628542
1589543231.4724712,0.13,-4.35,8.74,0.45444444444444443,0.33,-0.6344444444444445,0.125,-0.0625,-0.0625,269.125,0.125,26.75,-0.68267822265625,0.161376953125,0.166015625,-0.69305419921875,0.3291641949951565,0.3863657601866544,0.14452832186628542
1589543231.4801185,0.14,-4.35,8.82,0.4622222222222222,0.33,-0.6433333333333333,-0.125,-0.0625,0.125,269.125,0.125,26.75,-0.68267822265625,0.161376953125,0.166015625,-0.69305419921875,0.3696522432444459,0.3863657601866544,0.14452832186628542
1589543231.4892867,0.12,-4.37,8.8,0.4622222222222222,0.33,-0.6433333333333333,-0.125,-0.25,-0.125,269.125,0.125,26.75,-0.68267822265625,0.161376953125,0.166015625,-0.69305419921875,0.3696522432444459,0.3723890828255631,0.14547335342966167
1589543231.5033329,0.13,-4.36,8.68,0.4622222222222222,0.33,-0.6433333333333333,-0.125,-0.5625,-0.125,269.125,0.125,26.75,-0.68267822265625,0.161376953125,0.166015625,-0.69305419921875,0.33562603819066317,0.3863657601866544,0.14452832186628542
1589543231.509488,0.13,-4.37,8.72,0.4622222222222222,0.33,-0.6433333333333333,-0.5625,-0.625,-0.1875,269.125,0.125,26.75,-0.68267822265625,0.161376953125,0.16607666015625,-0.69305419921875,0.33562603819066317,0.3863657601866544,0.14452832186628542
1589543231.5236561,0.15,-4.37,8.78,0.4622222222222222,0.33,-0.6433333333333333,-0.625,-0.625,-0.125,269.125,0.125,26.75,-0.68267822265625,0.161376953125,0.1661376953125,-0.69305419921875,0.3696522432444459,0.3187595953260988,0.14452832186628542
1589543231.5300984,0.15,-4.37,8.76,0.43666666666666665,0.3233333333333333,-0.6355555555555555,-0.4375,-0.4375,-0.1875,269.125,0.125,26.75,-0.68267822265625,0.161376953125,0.1661376953125,-0.69305419921875,0.3696522432444459,0.3187595953260988,0.14452832186628542
1589543231.5395918,0.15,-4.37,8.69,0.43666666666666665,0.3233333333333333,-0.6355555555555555,-0.5,-0.375,-0.3125,269.125,0.125,26.75,-0.68267822265625,0.161376953125,0.1661376953125,-0.69305419921875,0.33337121366189926,0.39510843012815433,0.14452832186628542
1589543231.5494008,0.15,-4.37,8.65,0.43666666666666665,0.3233333333333333,-0.6355555555555555,-0.5,-0.5,-0.0625,269.125,0.125,26.75,-0.68267822265625,0.161376953125,0.1661376953125,-0.69305419921875,0.33337121366189926,0.39510843012815433,0.14452832186628542
1589543231.559711,0.12,-4.38,8.67,0.43666666666666665,0.3233333333333333,-0.6355555555555555,-0.375,-0.4375,-0.0625,269.125,0.125,26.75,-0.68267822265625,0.161376953125,0.1661376953125,-0.69305419921875,0.34953162930465587,0.3248417572103921,0.14452832186628542
1589543231.576306,0.12,-4.34,8.74,0.43666666666666665,0.3233333333333333,-0.6355555555555555,-0.1875,-0.3125,-0.0625,269.125,0.125,26.75,-0.68267822265625,0.161376953125,0.1661376953125,-0.69305419921875,0.27496052092173096,0.4074650127970809,0.12386894025280185
1589543231.5831995,0.14,-4.34,8.79,0.4688888888888889,0.31555555555555553,-0.6711111111111111,-0.375,-0.625,0.1875,269.125,0.125,26.75,-0.6826171875,0.16131591796875,0.1661376953125,-0.69305419921875,0.27496052092173096,0.4074650127970809,0.14452832186628542
1589543231.5901275,0.14,-4.28,8.78,0.4688888888888889,0.31555555555555553,-0.6711111111111111,-0.25,-0.6875,0.3125,269.125,0.1875,26.75,-0.6826171875,0.16131591796875,0.16619873046875,-0.693115234375,0.27496052092173096,0.4074650127970809,0.14452832186628542
1589543231.6020114,0.12,-4.27,8.67,0.4688888888888889,0.31555555555555553,-0.6711111111111111,-0.125,-0.4375,0.4375,269.125,0.1875,26.75,-0.6826171875,0.16131591796875,0.16619873046875,-0.693115234375,0.34232915890069343,0.316711414149526,0.1423064300506259
1589543231.6120849,0.11,-4.27,8.72,0.4688888888888889,0.31555555555555553,-0.6711111111111111,-0.125,-0.1875,0.6875,269.0625,0.1875,26.75,-0.6826171875,0.16131591796875,0.16619873046875,-0.693115234375,0.3696522432444459,0.316711414149526,0.1423064300506259
1589543231.62329,0.13,-4.25,8.77,0.4688888888888889,0.31555555555555553,-0.6711111111111111,-0.375,-0.5,0.875,269.0625,0.125,26.75,-0.68255615234375,0.16131591796875,0.16619873046875,-0.69317626953125,0.3696522432444459,0.35424139487837897,0.14410679330355178
1589543231.6339686,0.12,-4.24,8.8,0.4477777777777778,0.33555555555555555,-0.6577777777777778,-0.3125,-0.625,1.0625,269.0625,0.125,26.75,-0.6824951171875,0.16131591796875,0.16619873046875,-0.6932373046875,0.34232915890069343,0.33136596019053416,0.1413993924504079
1589543231.6411242,0.12,-4.29,8.72,0.4477777777777778,0.33555555555555555,-0.6577777777777778,-0.1875,-0.5625,0.8125,269.0625,0.125,26.75,-0.68243408203125,0.16131591796875,0.16619873046875,-0.69329833984375,0.34232915890069343,0.33136596019053416,0.1413993924504079
1589543231.6544747,0.13,-4.34,8.68,0.4477777777777778,0.33555555555555555,-0.6577777777777778,-0.125,-0.625,0.5,269.0625,0.125,26.75,-0.68243408203125,0.1612548828125,0.166259765625,-0.69329833984375,0.34022226900883096,0.2893893153577334,0.1427181542581953
1589543231.660635,0.14,-4.35,8.73,0.4477777777777778,0.33555555555555555,-0.6577777777777778,-0.25,-0.6875,0.5,269.0625,0.1875,26.75,-0.68243408203125,0.1612548828125,0.166259765625,-0.69329833984375,0.34022226900883096,0.2893893153577334,0.1427181542581953
1589543231.674375,0.16,-4.34,8.74,0.4477777777777778,0.33555555555555555,-0.6577777777777778,-0.375,-0.625,0.1875,269.0625,0.1875,26.75,-0.682373046875,0.16119384765625,0.16632080078125,-0.69329833984375,0.33337121366189926,0.4778809308314024,0.1371068530957331
1589543231.680551,0.14,-4.34,8.84,0.44222222222222224,0.3233333333333333,-0.6577777777777778,-0.75,-0.5,0.25,269.0625,0.1875,26.75,-0.682373046875,0.1612548828125,0.1663818359375,-0.69329833984375,0.33337121366189926,0.4778809308314024,0.1371068530957331
1589543231.6924865,0.14,-4.31,8.77,0.44222222222222224,0.3233333333333333,-0.6577777777777778,-0.8125,-0.6875,0.25,269.0625,0.1875,26.75,-0.682373046875,0.1612548828125,0.16644287109375,-0.69329833984375,0.33337121366189926,0.37769476929769935,0.13075576177870196
1589543231.7011495,0.14,-4.25,8.67,0.44222222222222224,0.3233333333333333,-0.6577777777777778,-1.0,-0.5625,0.4375,269.0625,0.1875,26.75,-0.682373046875,0.16131591796875,0.16650390625,-0.69329833984375,0.33337121366189926,0.37769476929769935,0.13075576177870196
1589543231.7116005,0.12,-4.17,8.71,0.44222222222222224,0.3233333333333333,-0.6577777777777778,-0.8125,-0.6875,0.875,269.0625,0.1875,26.8125,-0.6822509765625,0.16131591796875,0.16656494140625,-0.693359375,0.33337121366189926,0.375164051001777,0.13075576177870196
1589543231.725989,0.06,-4.0,8.76,0.44222222222222224,0.3233333333333333,-0.6577777777777778,-0.875,-0.5,0.9375,269.0625,0.1875,26.75,-0.6822509765625,0.1612548828125,0.16656494140625,-0.69342041015625,0.3291641949951565,0.375164051001777,0.11763054206942451
1589543231.7333872,-0.19,-3.44,8.63,0.4477777777777778,0.3233333333333333,-0.6433333333333333,-0.625,-0.6875,1.375,269.0,0.1875,26.8125,-0.68212890625,0.16131591796875,0.1666259765625,-0.6934814453125,0.3291641949951565,0.39510843012815433,0.14686434276135807
1589543231.7402573,0.01,-3.85,9.06,0.4477777777777778,0.3233333333333333,-0.6433333333333333,-1.125,-1.5625,2.0,269.0,0.1875,26.8125,-0.6820068359375,0.16131591796875,0.166748046875,-0.693603515625,0.3291641949951565,0.39510843012815433,0.14686434276135807
1589543231.7507064,-0.14,-3.87,8.59,0.4477777777777778,0.3233333333333333,-0.6433333333333333,0.0625,0.125,2.875,269.0,0.1875,26.8125,-0.68182373046875,0.16131591796875,0.16668701171875,-0.69378662109375,0.34232915890069343,0.45321431320689676,0.13149966380404549
1589543231.7605758,-0.11,-3.88,8.88,0.4477777777777778,0.3233333333333333,-0.6433333333333333,-0.9375,-1.0625,4.125,268.9375,0.1875,26.8125,-0.6815185546875,0.161376953125,0.166748046875,-0.69403076171875,0.34232915890069343,0.45321431320689676,0.13149966380404549
1589543231.77317,-0.11,-3.73,8.72,0.4477777777777778,0.3233333333333333,-0.6433333333333333,-0.875,-1.0,7.1875,268.875,0.125,26.8125,-0.68109130859375,0.1614990234375,0.166748046875,-0.69439697265625,0.33562603819066317,0.3642899190747107,0.1427181542581953
1589543231.7856429,-0.11,-3.74,8.83,0.4477777777777778,0.3088888888888889,-0.65,-0.9375,-1.0625,9.75,268.75,0.125,26.8125,-0.68048095703125,0.16162109375,0.166748046875,-0.69500732421875,0.34232915890069343,0.4042283755220455,0.14050310380151237
1589543231.791825,-0.07,-3.68,8.79,0.4477777777777778,0.3088888888888889,-0.65,-1.125,-1.125,12.1875,268.625,0.0625,26.75,-0.6798095703125,0.16143798828125,0.16619873046875,-0.69580078125,0.34232915890069343,0.4042283755220455,0.14050310380151237
1589543231.8054786,-0.1,-3.63,8.75,0.4477777777777778,0.3088888888888889,-0.65,-1.0625,-1.25,14.9375,268.5,0.0,26.6875,-0.67901611328125,0.16119384765625,0.16558837890625,-0.69677734375,0.33337121366189926,0.3567681567603077,0.14410679330355178
1589543231.8121107,-0.04,-3.38,8.8,0.4477777777777778,0.3088888888888889,-0.65,-0.625,-1.0625,17.75,268.3125,0.0,26.6875,-0.67791748046875,0.16143798828125,0.1654052734375,-0.69781494140625,0.33337121366189926,0.3567681567603077,0.14410679330355178
1589543231.8247259,0.0,-3.3,8.73,0.4477777777777778,0.3088888888888889,-0.65,0.375,-0.6875,23.1875,268.0625,-0.125,26.6875,-0.67657470703125,0.16168212890625,0.1651611328125,-0.69915771484375,0.3470995556283895,0.3982094308317678,0.14185155586391207
1589543231.8311226,-0.11,-3.39,8.83,0.44222222222222224,0.31555555555555553,-0.6577777777777778,0.25,-1.4375,29.25,267.8125,-0.25,26.6875,-0.6748046875,0.16204833984375,0.16485595703125,-0.70086669921875,0.3470995556283895,0.3982094308317678,0.14185155586391207
1589543231.8441124,-0.07,-3.44,8.78,0.44222222222222224,0.31555555555555553,-0.6577777777777778,0.1875,-1.875,35.1875,267.4375,-0.375,26.6875,-0.6727294921875,0.16241455078125,0.1644287109375,-0.702880859375,0.34232915890069343,0.35199575785121906,0.1427181542581953
1589543231.8515575,-0.13,-3.46,8.72,0.44222222222222224,0.31555555555555553,-0.6577777777777778,0.4375,-2.0625,40.625,267.0625,-0.5625,26.6875,-0.67022705078125,0.162841796875,0.16400146484375,-0.7052001953125,0.34232915890069343,0.35199575785121906,0.1427181542581953
1589543231.8616724,-0.13,-3.52,8.78,0.44222222222222224,0.31555555555555553,-0.6577777777777778,0.8125,-2.1875,45.5625,266.625,-0.6875,26.6875,-0.66754150390625,0.163330078125,0.1634521484375,-0.70782470703125,0.34469892955945086,0.32083268013065175,0.1427181542581953
1589543231.8752954,-0.12,-3.56,8.81,0.44222222222222224,0.31555555555555553,-0.6577777777777778,0.6875,-2.5,50.0,266.125,-0.875,26.5625,-0.66461181640625,0.16326904296875,0.162353515625,-0.7108154296875,0.34469892955945086,0.32083268013065175,0.14050310380151237
1589543231.8832767,-0.2,-3.46,8.83,0.44222222222222224,0.3088888888888889,-0.65,0.375,-2.5625,53.5625,265.625,-1.125,26.5,-0.66143798828125,0.16339111328125,0.1612548828125,-0.7139892578125,0.266019071416992,0.375164051001777,0.14050310380151237
1589543231.891513,-0.16,-3.54,8.84,0.44222222222222224,0.3088888888888889,-0.65,0.625,-3.0,57.1875,265.0625,-1.3125,26.375,-0.6580810546875,0.1634521484375,0.16021728515625,-0.71734619140625,0.266019071416992,0.375164051001777,0.1423064300506259
1589543231.9036672,-0.2,-3.58,8.72,0.44222222222222224,0.3088888888888889,-0.65,0.4375,-3.1875,59.875,264.4375,-1.5625,26.3125,-0.65447998046875,0.1636962890625,0.1591796875,-0.72076416015625,0.33136596019053416,0.316711414149526,0.14185155586391207
1589543231.9124687,-0.17,-3.63,8.72,0.44222222222222224,0.3088888888888889,-0.65,0.5625,-2.875,62.75,263.8125,-1.8125,26.25,-0.65069580078125,0.16400146484375,0.158203125,-0.724365234375,0.33136596019053416,0.316711414149526,0.14185155586391207
1589543231.9257069,-0.15,-3.64,8.77,0.44222222222222224,0.3088888888888889,-0.65,0.625,-3.3125,64.375,263.1875,-2.0,26.1875,-0.64678955078125,0.16424560546875,0.1572265625,-0.72796630859375,0.25622950356383545,0.3723890828255631,0.1436411163746438
1589543231.9371998,-0.25,-3.61,8.77,0.4888888888888889,0.28888888888888886,-0.6577777777777778,0.5,-3.25,65.0625,262.5625,-2.25,26.125,-0.642822265625,0.16455078125,0.15631103515625,-0.73162841796875,0.29969651553482884,0.3015432709413334,0.1431782449240873
1589543231.944499,-0.28,-3.63,8.76,0.4888888888888889,0.28888888888888886,-0.6577777777777778,0.5625,-3.5,66.1875,261.9375,-2.5,26.0625,-0.63873291015625,0.1649169921875,0.15533447265625,-0.7353515625,0.29969651553482884,0.3015432709413334,0.1431782449240873
1589543231.9573312,-0.29,-3.65,8.71,0.4888888888888889,0.28888888888888886,-0.6577777777777778,0.4375,-3.875,66.75,261.25,-2.75,26.0,-0.63458251953125,0.16522216796875,0.1544189453125,-0.739013671875,0.28598735499456934,0.2811853495413832,0.14410679330355178
1589543231.9640114,-0.32,-3.68,8.67,0.4888888888888889,0.28888888888888886,-0.6577777777777778,0.625,-3.5,67.25,260.625,-3.0,25.875,-0.63037109375,0.16552734375,0.15350341796875,-0.74273681640625,0.28598735499456934,0.2811853495413832,0.14410679330355178
1589543231.9765465,-0.39,-3.67,8.78,0.4888888888888889,0.28888888888888886,-0.6577777777777778,0.625,-3.625,67.625,259.9375,-3.1875,25.8125,-0.62615966796875,0.1658935546875,0.152587890625,-0.74639892578125,0.34953162930465587,0.2811853495413832,0.14410679330355178
1589543231.9833019,-0.45,-3.71,8.83,0.4888888888888889,0.27,-0.6355555555555555,0.8125,-3.0625,68.5,259.375,-3.4375,25.75,-0.62237548828125,0.1663818359375,0.1514892578125,-0.74969482421875,0.34953162930465587,0.24468277624217724,0.1436411163746438
1589543231.992258,-0.47,-3.7,8.91,0.4888888888888889,0.27,-0.6355555555555555,0.8125,-3.4375,69.3125,258.6875,-3.6875,25.6875,-0.61798095703125,0.166748046875,0.1505126953125,-0.75341796875,0.3696522432444459,0.24468277624217724,0.1436411163746438
1589543232.002605,-0.54,-3.74,8.72,0.4888888888888889,0.27,-0.6355555555555555,0.8125,-3.125,70.625,258.0,-4.0,25.625,-0.61346435546875,0.167236328125,0.14947509765625,-0.7572021484375,0.3696522432444459,0.3034114163524859,0.13269048495371716
1589543232.0155385,-0.56,-3.73,8.77,0.4888888888888889,0.27,-0.6355555555555555,0.75,-3.375,71.6875,257.3125,-4.25,25.5,-0.60888671875,0.16766357421875,0.14849853515625,-0.760986328125,0.3696522432444459,0.3015432709413334,0.13546571420196252
1589543232.0285554,-0.53,-3.7,8.79,0.4888888888888889,0.27,-0.6355555555555555,0.8125,-3.6875,72.375,256.5625,-4.5,25.4375,-0.604248046875,0.1680908203125,0.14752197265625,-0.7647705078125,0.34022226900883096,0.3015432709413334,0.13546571420196252
1589543232.0343847,-0.56,-3.68,8.83,0.4888888888888889,0.24444444444444444,-0.67,0.5,-4.0,72.25,255.875,-4.75,25.375,-0.599609375,0.16851806640625,0.1466064453125,-0.76849365234375,0.34022226900883096,0.3015432709413334,0.13546571420196252
1589543232.0427735,-0.62,-3.64,8.72,0.4888888888888889,0.24444444444444444,-0.67,0.375,-3.9375,71.3125,255.1875,-5.0,25.3125,-0.594970703125,0.1689453125,0.145751953125,-0.77215576171875,0.34022226900883096,0.33337121366189926,0.15431522415362153
1589543232.055123,-0.7,-3.64,8.74,0.4888888888888889,0.24444444444444444,-0.67,0.375,-4.0625,70.9375,254.5,-5.25,25.1875,-0.59033203125,0.1693115234375,0.14483642578125,-0.77581787109375,0.3696522432444459,0.4074650127970809,0.1532603135358787
1589543232.0637212,-0.77,-3.67,8.78,0.4888888888888889,0.24444444444444444,-0.67,0.25,-4.25,70.75,253.8125,-5.5,25.125,-0.58563232421875,0.16973876953125,0.1439208984375,-0.7794189453125,0.3696522432444459,0.4074650127970809,0.1532603135358787
1589543232.076275,-0.82,-3.66,8.78,0.4888888888888889,0.24444444444444444,-0.67,0.625,-4.0625,71.4375,253.125,-5.75,25.0625,-0.5809326171875,0.17010498046875,0.14300537109375,-0.78302001953125,0.33337121366189926,0.3248417572103921,0.1548477846304735
1589543232.0860305,-0.83,-3.69,8.95,0.5155555555555555,0.21777777777777776,-0.7,0.875,-3.625,72.3125,252.4375,-6.0,24.9375,-0.576171875,0.1705322265625,0.14202880859375,-0.78662109375,0.2978707932085081,0.36192406818273803,0.1548477846304735
1589543232.0932233,-0.89,-3.69,8.92,0.5155555555555555,0.21777777777777776,-0.7,0.5625,-4.0,72.9375,251.6875,-6.25,24.875,-0.5712890625,0.1710205078125,0.14105224609375,-0.790283203125,0.2978707932085081,0.36192406818273803,0.1569580060954488
1589543232.1089792,-0.9,-3.69,8.57,0.5155555555555555,0.21777777777777776,-0.7,1.75,-2.625,73.75,251.0,-6.5,24.75,-0.56634521484375,0.1715087890625,0.13995361328125,-0.79388427734375,0.34232915890069343,0.33136596019053416,0.15533003486345656
1589543232.1157482,-0.87,-3.68,8.91,0.5155555555555555,0.21777777777777776,-0.7,0.8125,-3.75,74.125,250.25,-6.75,24.625,-0.5614013671875,0.171875,0.13897705078125,-0.7974853515625,0.34232915890069343,0.33136596019053416,0.15533003486345656
1589543232.1274445,-0.9,-3.66,8.76,0.5155555555555555,0.21777777777777776,-0.7,0.625,-4.1875,73.8125,249.5625,-7.0,24.5625,-0.556396484375,0.17230224609375,0.1380615234375,-0.80108642578125,0.29969651553482884,0.33136596019053416,0.15533003486345656
1589543232.1343815,-0.93,-3.66,8.82,0.5344444444444445,0.20444444444444446,-0.6711111111111111,1.1875,-3.4375,72.9375,249.125,-7.25,24.4375,-0.55340576171875,0.1729736328125,0.1365966796875,-0.80322265625,0.29969651553482884,0.3642899190747107,0.15856230250933814
1589543232.1436474,-1.0,-3.68,8.89,0.5344444444444445,0.20444444444444446,-0.6711111111111111,0.375,-4.125,72.125,248.375,-7.5,24.3125,-0.54852294921875,0.17333984375,0.13568115234375,-0.806640625,0.34022226900883096,0.3642899190747107,0.15856230250933814
1589543232.1534998,-1.08,-3.67,8.75,0.5344444444444445,0.20444444444444446,-0.6711111111111111,0.625,-3.6875,71.875,247.6875,-7.75,24.25,-0.5435791015625,0.1737060546875,0.134765625,-0.81005859375,0.34022226900883096,0.3567681567603077,0.15912263623198566
1589543232.1667626,-1.09,-3.67,8.75,0.5344444444444445,0.20444444444444446,-0.6711111111111111,1.0,-3.625,72.0,247.0,-7.9375,24.125,-0.53863525390625,0.17413330078125,0.1337890625,-0.81341552734375,0.2978707932085081,0.35424139487837897,0.15175443320289783
1589543232.1767902,-1.07,-3.62,8.84,0.5344444444444445,0.20444444444444446,-0.6711111111111111,0.875,-3.5,71.5,246.3125,-8.1875,24.0,-0.53375244140625,0.1744384765625,0.1328125,-0.81671142578125,0.2978707932085081,0.35424139487837897,0.15175443320289783
1589543232.1872694,-1.22,-3.7,8.8,0.5377777777777778,0.16444444444444445,-0.6855555555555556,1.125,-3.125,70.8125,245.75,-8.4375,23.875,-0.5296630859375,0.17498779296875,0.13165283203125,-0.8194580078125,0.34022226900883096,0.36695276956707285,0.15175443320289783
1589543232.1927054,-1.18,-3.58,8.84,0.5377777777777778,0.16444444444444445,-0.6855555555555556,1.0,-3.0,70.375,245.0625,-8.6875,23.75,-0.5247802734375,0.17535400390625,0.13067626953125,-0.8226318359375,0.34022226900883096,0.36695276956707285,0.15175443320289783
1589543232.203693,-1.22,-3.56,8.78,0.5377777777777778,0.16444444444444445,-0.6855555555555556,0.75,-3.4375,69.8125,244.375,-8.875,23.6875,-0.51995849609375,0.1756591796875,0.12969970703125,-0.8258056640625,0.24231655100742916,0.35199575785121906,0.15175443320289783
1589543232.2141788,-1.13,-3.43,8.73,0.5377777777777778,0.16444444444444445,-0.6855555555555556,1.0625,-3.25,69.0625,243.6875,-9.125,23.5625,-0.51513671875,0.17596435546875,0.1287841796875,-0.82891845703125,0.24231655100742916,0.35199575785121906,0.2143596438338994
1589543232.2271185,-1.16,-3.4,8.89,0.5377777777777778,0.16444444444444445,-0.6855555555555556,0.625,-3.625,67.5,243.0,-9.3125,23.4375,-0.51043701171875,0.17608642578125,0.1278076171875,-0.8319091796875,0.316711414149526,0.3890400161097513,0.21534520499234777
1589543232.2329645,-1.22,-3.39,8.84,0.5455555555555556,0.11888888888888889,-0.7055555555555556,0.6875,-3.5,65.8125,242.375,-9.5,23.25,-0.505859375,0.17620849609375,0.12689208984375,-0.8348388671875,0.316711414149526,0.3890400161097513,0.21534520499234777
1589543232.2433605,-1.26,-3.38,8.97,0.5455555555555556,0.11888888888888889,-0.7055555555555556,0.875,-3.125,64.25,241.75,-9.6875,23.125,-0.5013427734375,0.17633056640625,0.1259765625,-0.83770751953125,0.24850809137852486,0.37769476929769935,0.21534520499234777
1589543232.259749,-1.28,-3.29,8.63,0.5455555555555556,0.11888888888888889,-0.7055555555555556,0.8125,-2.875,63.375,241.125,-9.875,23.0,-0.49688720703125,0.17645263671875,0.12506103515625,-0.8404541015625,0.34232915890069343,0.4074650127970809,0.2926919490491569
1589543232.266336,-1.24,-3.26,8.83,0.5455555555555556,0.11888888888888889,-0.7055555555555556,1.3125,-1.875,62.6875,240.5625,-10.0625,22.875,-0.49249267578125,0.176513671875,0.1240234375,-0.8431396484375,0.34232915890069343,0.4074650127970809,0.2926919490491569
1589543232.2785842,-1.12,-3.15,8.78,0.5455555555555556,0.11888888888888889,-0.7055555555555556,0.75,-2.6875,61.8125,239.9375,-10.25,22.6875,-0.4881591796875,0.17645263671875,0.12310791015625,-0.8458251953125,0.316711414149526,0.4074650127970809,0.2926919490491569
1589543232.2858837,-1.19,-3.14,8.77,0.5377777777777778,0.1111111111111111,-0.7144444444444444,0.8125,-2.625,60.3125,239.375,-10.375,22.5625,-0.48394775390625,0.17626953125,0.1221923828125,-0.848388671875,0.316711414149526,0.2978707932085081,0.35199575785121906
1589543232.2969875,-1.36,-3.17,8.75,0.5377777777777778,0.1111111111111111,-0.7144444444444444,0.625,-3.0,58.0625,238.8125,-10.5625,22.4375,-0.4798583984375,0.1761474609375,0.121337890625,-0.85089111328125,0.34232915890069343,0.4381793078164114,0.35199575785121906
1589543232.3039887,-1.38,-3.15,8.91,0.5377777777777778,0.1111111111111111,-0.7144444444444444,0.3125,-3.3125,57.3125,238.25,-10.6875,22.3125,-0.47576904296875,0.176025390625,0.1204833984375,-0.85333251953125,0.34232915890069343,0.4381793078164114,0.34953162930465587
1589543232.318353,-1.46,-3.16,8.56,0.5377777777777778,0.1111111111111111,-0.7144444444444444,0.6875,-3.25,57.75,237.6875,-10.8125,22.125,-0.47161865234375,0.176025390625,0.11962890625,-0.855712890625,0.316711414149526,0.4344734393227604,0.3051113371361419
1589543232.3259792,-1.45,-3.15,8.68,0.5377777777777778,0.1111111111111111,-0.7144444444444444,0.4375,-3.3125,57.8125,237.125,-11.0,22.0,-0.46746826171875,0.176025390625,0.11883544921875,-0.85809326171875,0.316711414149526,0.4344734393227604,0.3051113371361419
1589543232.3387346,-1.47,-3.11,8.87,0.5333333333333333,0.07222222222222222,-0.7355555555555555,0.75,-2.5625,58.125,236.5625,-11.125,21.875,-0.4632568359375,0.17608642578125,0.11798095703125,-0.8604736328125,0.33337121366189926,0.4240506381044018,0.3920522731410346
1589543232.3447206,-1.66,-3.34,9.22,0.5333333333333333,0.07222222222222222,-0.7355555555555555,0.1875,-3.5,58.4375,236.0,-11.3125,21.75,-0.45904541015625,0.17608642578125,0.1171875,-0.86285400390625,0.33337121366189926,0.4240506381044018,0.3920522731410346
1589543232.3545954,-1.64,-3.26,8.64,0.5333333333333333,0.07222222222222222,-0.7355555555555555,0.9375,-2.1875,59.5625,235.4375,-11.4375,21.625,-0.4547119140625,0.17633056640625,0.11627197265625,-0.865234375,0.25760627616834847,0.4240506381044018,0.3920522731410346
1589543232.363986,-1.52,-3.13,9.11,0.5333333333333333,0.07222222222222222,-0.7355555555555555,1.5625,-1.5,60.875,234.8125,-11.6875,21.5,-0.45025634765625,0.1767578125,0.11529541015625,-0.86761474609375,0.25760627616834847,0.4240506381044018,0.3696522432444459
1589543232.37573,-1.58,-3.14,9.19,0.5333333333333333,0.07222222222222222,-0.7355555555555555,-0.25,-4.75,60.75,234.25,-11.8125,21.375,-0.44573974609375,0.17694091796875,0.11456298828125,-0.8699951171875,0.33337121366189926,0.4275914443905159,0.3696522432444459
1589543232.384205,-1.61,-3.02,8.41,0.5255555555555556,0.05333333333333334,-0.7266666666666667,0.9375,-1.875,61.25,233.625,-12.0625,21.25,-0.44122314453125,0.1773681640625,0.1136474609375,-0.872314453125,0.33337121366189926,0.4275914443905159,0.3696522432444459
1589543232.3946981,-1.63,-2.96,8.68,0.5255555555555556,0.05333333333333334,-0.7266666666666667,1.25,-2.1875,61.9375,233.0,-12.25,21.125,-0.4366455078125,0.17779541015625,0.11273193359375,-0.8746337890625,0.2962453376934545,0.3863657601866544,0.3696522432444459
1589543232.4043436,-1.89,-3.18,8.72,0.5255555555555556,0.05333333333333334,-0.7266666666666667,-0.8125,-5.875,63.4375,232.375,-12.375,21.0,-0.43194580078125,0.17779541015625,0.11199951171875,-0.8770751953125,0.2962453376934545,0.3863657601866544,0.3269896237620402
1589543232.4147284,-1.85,-3.04,8.66,0.5255555555555556,0.05333333333333334,-0.7266666666666667,0.8125,-2.6875,66.25,231.75,-12.625,20.8125,-0.427001953125,0.17822265625,0.111083984375,-0.8795166015625,0.34232915890069343,0.3863657601866544,0.3269896237620402
1589543232.4261134,-1.79,-3.08,8.97,0.5255555555555556,0.05333333333333334,-0.7266666666666667,0.75,-3.1875,69.0625,231.0625,-12.8125,20.6875,-0.42181396484375,0.1785888671875,0.11004638671875,-0.882080078125,0.34232915890069343,0.3863657601866544,0.26040171388951255
1589543232.4374251,-2.04,-3.23,8.95,0.5377777777777778,0.03333333333333333,-0.7688888888888888,0.375,-4.125,71.6875,230.375,-13.0,20.5,-0.41644287109375,0.178955078125,0.109130859375,-0.8846435546875,0.29969651553482884,0.36695276956707285,0.316711414149526
1589543232.4446282,-2.05,-3.18,8.74,0.5377777777777778,0.03333333333333333,-0.7688888888888888,1.0625,-2.875,74.3125,229.6875,-13.25,20.375,-0.410888671875,0.17938232421875,0.1080322265625,-0.8873291015625,0.29969651553482884,0.36695276956707285,0.316711414149526
1589543232.4567585,-2.13,-3.18,8.73,0.5377777777777778,0.03333333333333333,-0.7688888888888888,1.4375,-2.75,77.125,228.9375,-13.5,20.1875,-0.40509033203125,0.1798095703125,0.10687255859375,-0.8900146484375,0.34232915890069343,0.3834344053953583,0.25365119527561103
1589543232.4691556,-2.14,-3.16,9.01,0.5377777777777778,0.03333333333333333,-0.7688888888888888,0.0,-4.8125,79.3125,228.125,-13.6875,20.0,-0.3990478515625,0.18017578125,0.1058349609375,-0.892822265625,0.3593288242735007,0.29445862267704453,0.3269896237620402
1589543232.476656,-2.15,-3.08,8.83,0.5377777777777778,0.03333333333333333,-0.7688888888888888,0.5,-4.0625,82.4375,227.3125,-13.9375,19.8125,-0.392822265625,0.1805419921875,0.10467529296875,-0.8956298828125,0.3593288242735007,0.29445862267704453,0.3269896237620402
1589543232.489361,-2.17,-3.08,8.93,0.5333333333333333,0.01888888888888889,-0.7766666666666666,0.5625,-3.75,88.5625,226.4375,-14.1875,19.625,-0.38604736328125,0.18109130859375,0.10345458984375,-0.89862060546875,0.3291641949951565,0.36192406818273803,0.25760627616834847
1589543232.4961965,-2.06,-2.9,8.75,0.5333333333333333,0.01888888888888889,-0.7766666666666666,0.1875,-4.75,90.75,225.5625,-14.4375,19.375,-0.37908935546875,0.18145751953125,0.10223388671875,-0.901611328125,0.3291641949951565,0.36192406818273803,0.25760627616834847
1589543232.5067196,-2.22,-2.95,8.9,0.5333333333333333,0.01888888888888889,-0.7766666666666666,0.9375,-4.25,93.1875,224.6875,-14.6875,19.125,-0.37200927734375,0.18182373046875,0.10089111328125,-0.9046630859375,0.27340573595297823,0.3128869263878623,0.25760627616834847
1589543232.5148525,-2.16,-2.86,8.75,0.5333333333333333,0.01888888888888889,-0.7766666666666666,1.125,-3.5,95.875,223.75,-14.9375,18.875,-0.3646240234375,0.18231201171875,0.09942626953125,-0.90771484375,0.27340573595297823,0.3128869263878623,0.3248417572103921
1589543232.5262108,-2.12,-2.76,8.78,0.5333333333333333,0.01888888888888889,-0.7766666666666666,0.4375,-4.75,97.8125,222.8125,-15.1875,18.6875,-0.35711669921875,0.1827392578125,0.09808349609375,-0.9107666015625,0.26883851941761866,0.3863657601866544,0.3248417572103921
1589543232.5335279,-2.12,-2.77,9.05,0.5111111111111111,-0.051111111111111114,-0.7922222222222223,0.75,-4.75,99.5,221.8125,-15.5,18.375,-0.34942626953125,0.18316650390625,0.09661865234375,-0.913818359375,0.26883851941761866,0.3863657601866544,0.25231358798780756
1589543232.5487185,-2.32,-2.76,8.65,0.5111111111111111,-0.051111111111111114,-0.7922222222222223,1.5,-2.8125,101.375,220.8125,-15.75,18.125,-0.341552734375,0.1837158203125,0.09503173828125,-0.91680908203125,0.2962453376934545,0.3642899190747107,0.3248417572103921
1589543232.5560277,-2.22,-2.61,8.82,0.5111111111111111,-0.051111111111111114,-0.7922222222222223,0.6875,-4.375,103.3125,219.8125,-16.0,17.8125,-0.33349609375,0.18414306640625,0.093505859375,-0.91986083984375,0.2962453376934545,0.3642899190747107,0.3248417572103921
1589543232.5675945,-2.17,-2.54,8.91,0.5111111111111111,-0.051111111111111114,-0.7922222222222223,0.75,-4.4375,105.9375,218.8125,-16.3125,17.5625,-0.32525634765625,0.1845703125,0.0919189453125,-0.9228515625,0.36695276956707285,0.3696522432444459,0.2472206304085751
1589543232.5766034,-2.23,-2.5,9.12,0.5111111111111111,-0.051111111111111114,-0.7922222222222223,0.375,-4.875,109.1875,217.75,-16.5625,17.25,-0.31671142578125,0.18505859375,0.09033203125,-0.9259033203125,0.36695276956707285,0.3696522432444459,0.2472206304085751
1589543232.5878458,-2.12,-2.38,8.83,0.5066666666666667,-0.13333333333333333,-0.8044444444444444,1.0625,-4.25,112.625,216.625,-16.8125,16.9375,-0.307861328125,0.185546875,0.08856201171875,-0.928955078125,0.33136596019053416,0.2618207959448959,0.33562603819066317
1589543232.595601,-2.17,-2.37,8.83,0.5066666666666667,-0.13333333333333333,-0.8044444444444444,0.625,-4.625,114.5,215.5,-17.125,16.5625,-0.298828125,0.18603515625,0.08685302734375,-0.93194580078125,0.33136596019053416,0.2618207959448959,0.33562603819066317
1589543232.6057234,-2.39,-2.49,9.11,0.5066666666666667,-0.13333333333333333,-0.8044444444444444,0.8125,-4.1875,115.625,214.375,-17.375,16.25,-0.2896728515625,0.18646240234375,0.0850830078125,-0.9349365234375,0.33136596019053416,0.2795642795680213,0.33562603819066317
1589543232.6191034,-2.03,-2.14,8.72,0.5066666666666667,-0.13333333333333333,-0.8044444444444444,0.5625,-4.0,116.0625,213.25,-17.6875,15.875,-0.28045654296875,0.18701171875,0.0833740234375,-0.937744140625,0.33136596019053416,0.3696522432444459,0.23759126105169737
1589543232.6267467,-2.0,-2.09,9.23,0.5066666666666667,-0.13333333333333333,-0.8044444444444444,0.625,-5.25,117.0,212.125,-17.9375,15.5,-0.27117919921875,0.1873779296875,0.08154296875,-0.94061279296875,0.33136596019053416,0.3696522432444459,0.27496052092173096
1589543232.635311,-2.2,-2.15,9.2,0.46,-0.2111111111111111,-0.7911111111111111,1.5625,-3.1875,119.5,211.0,-18.1875,15.125,-0.26165771484375,0.18792724609375,0.07965087890625,-0.943359375,0.33136596019053416,0.3696522432444459,0.27496052092173096
1589543232.6466622,-1.98,-1.94,8.3,0.46,-0.2111111111111111,-0.7911111111111111,0.5625,-2.75,120.6875,209.8125,-18.5,14.75,-0.25201416015625,0.1884765625,0.0777587890625,-0.94598388671875,0.33337121366189926,0.41075044065421673,0.2876789338815911
1589543232.6607413,-1.92,-1.99,9.01,0.46,-0.2111111111111111,-0.7911111111111111,0.625,-3.8125,121.3125,208.625,-18.75,14.375,-0.2423095703125,0.18896484375,0.07586669921875,-0.9486083984375,0.33337121366189926,0.40103947453341987,0.27340573595297823
1589543232.6674926,-2.04,-1.81,8.46,0.46,-0.2111111111111111,-0.7911111111111111,1.0,-4.0625,121.6875,207.4375,-19.0,13.9375,-0.2325439453125,0.18939208984375,0.07391357421875,-0.95111083984375,0.33337121366189926,0.40103947453341987,0.27340573595297823
1589543232.6779068,-2.04,-1.91,9.31,0.46,-0.2111111111111111,-0.7911111111111111,-0.5,-6.125,120.8125,206.25,-19.1875,13.5625,-0.2227783203125,0.18963623046875,0.07208251953125,-0.95355224609375,0.33337121366189926,0.3593288242735007,0.27340573595297823
1589543232.6849895,-2.09,-1.73,8.69,0.41555555555555557,-0.2644444444444444,-0.8044444444444444,0.8125,-4.0,120.875,205.125,-19.4375,13.125,-0.2130126953125,0.19000244140625,0.0701904296875,-0.955810546875,0.33337121366189926,0.3593288242735007,0.3227201175914994
1589543232.69634,-2.18,-1.8,9.2,0.41555555555555557,-0.2644444444444444,-0.8044444444444444,0.25,-5.5,120.9375,203.9375,-19.625,12.75,-0.20318603515625,0.19024658203125,0.068359375,-0.95806884765625,0.33337121366189926,0.3593288242735007,0.3227201175914994
1589543232.7057462,-2.24,-1.77,8.79,0.41555555555555557,-0.2644444444444444,-0.8044444444444444,0.4375,-3.8125,119.9375,202.75,-19.875,12.3125,-0.1934814453125,0.19061279296875,0.06646728515625,-0.9600830078125,0.33337121366189926,0.44194471376482086,0.316711414149526
1589543232.7156472,-2.01,-1.62,8.47,0.41555555555555557,-0.2644444444444444,-0.8044444444444444,-1.125,-6.1875,119.875,201.5625,-20.0625,11.9375,-0.18365478515625,0.1907958984375,0.064697265625,-0.96209716796875,0.33337121366189926,0.35424139487837897,0.316711414149526
1589543232.7277155,-2.03,-1.54,8.86,0.41555555555555557,-0.2644444444444444,-0.8044444444444444,1.75,-3.75,119.9375,200.4375,-20.25,11.5,-0.1739501953125,0.19110107421875,0.06268310546875,-0.9639892578125,0.33337121366189926,0.35424139487837897,0.3128869263878623
1589543232.7388475,-2.09,-1.49,8.67,0.3466666666666667,-0.3466666666666667,-0.8033333333333333,1.125,-4.0,119.125,199.25,-20.4375,11.0625,-0.1641845703125,0.19140625,0.06072998046875,-0.96575927734375,0.33136596019053416,0.3696522432444459,0.25760627616834847
1589543232.7455244,-2.06,-1.52,9.09,0.3466666666666667,-0.3466666666666667,-0.8033333333333333,-0.8125,-6.625,116.5625,198.125,-20.5625,10.625,-0.1546630859375,0.19146728515625,0.05902099609375,-0.96746826171875,0.33136596019053416,0.3696522432444459,0.25760627616834847
1589543232.7557108,-1.96,-1.39,8.76,0.3466666666666667,-0.3466666666666667,-0.8033333333333333,0.8125,-4.8125,115.375,197.0,-20.75,10.25,-0.14520263671875,0.19158935546875,0.05712890625,-0.968994140625,0.3379095440748334,0.316711414149526,0.25760627616834847
1589543232.7702005,-2.07,-1.37,8.82,0.3466666666666667,-0.3466666666666667,-0.8033333333333333,0.9375,-5.375,112.4375,195.9375,-20.875,9.8125,-0.135986328125,0.19171142578125,0.0552978515625,-0.97039794921875,0.34232915890069343,0.3379095440748334,0.3269896237620402
1589543232.7948518,-1.93,-1.25,8.69,0.27,-0.3655555555555556,-0.7333333333333333,1.25,-3.0,103.6875,193.875,-21.125,9.0,-0.1185302734375,0.19195556640625,0.0518798828125,-0.97283935546875,0.33562603819066317,0.34022226900883096,0.32083268013065175
1589543232.8004348,-1.95,-1.28,9.62,0.27,-0.3655555555555556,-0.7333333333333333,-1.25,-6.8125,98.5,192.875,-21.25,8.625,-0.11041259765625,0.19183349609375,0.0504150390625,-0.973876953125,0.33562603819066317,0.34022226900883096,0.32083268013065175
1589543232.806732,-1.32,-1.03,8.6,0.27,-0.3655555555555556,-0.7333333333333333,0.875,-4.75,93.0625,192.0,-21.3125,8.3125,-0.10272216796875,0.19183349609375,0.04888916015625,-0.97479248046875,0.33562603819066317,0.34022226900883096,0.32083268013065175
1589543232.8185072,-1.18,-0.96,8.55,0.27,-0.3655555555555556,-0.7333333333333333,0.5625,-3.625,85.25,191.1875,-21.375,7.9375,-0.095703125,0.19189453125,0.04754638671875,-0.9755859375,0.3379095440748334,0.36192406818273803,0.2893893153577334
1589543232.8282733,-2.11,-1.17,9.68,0.27,-0.3655555555555556,-0.7333333333333333,-1.0625,-4.0625,78.625,190.4375,-21.4375,7.6875,-0.08917236328125,0.19183349609375,0.04638671875,-0.97625732421875,0.3291641949951565,0.36192406818273803,0.2893893153577334
1589543232.8362505,-1.73,-0.86,8.6,0.26666666666666666,-0.37666666666666665,-0.67,2.6875,-2.25,75.6875,189.6875,-21.5625,7.375,-0.08294677734375,0.19195556640625,0.04498291015625,-0.97686767578125,0.3291641949951565,0.3642899190747107,0.316711414149526
1589543232.8501248,-1.8,-0.86,8.53,0.26666666666666666,-0.37666666666666665,-0.67,-1.0,-3.6875,69.8125,189.0,-21.5625,7.125,-0.0771484375,0.19189453125,0.0439453125,-0.9774169921875,0.34232915890069343,0.4042283755220455,0.34953162930465587
1589543232.856308,-1.67,-1.01,9.53,0.26666666666666666,-0.37666666666666665,-0.67,-3.3125,-7.4375,61.6875,188.375,-21.5625,6.875,-0.072021484375,0.1915283203125,0.04327392578125,-0.9779052734375,0.34232915890069343,0.4042283755220455,0.34953162930465587
1589543232.869484,-1.48,-0.8,9.03,0.26666666666666666,-0.37666666666666665,-0.67,1.125,-2.8125,56.0625,187.875,-21.625,6.6875,-0.0673828125,0.1915283203125,0.04229736328125,-0.978271484375,0.2962453376934545,0.3982094308317678,0.34953162930465587
1589543232.8795595,-1.68,-0.75,8.46,0.26666666666666666,-0.37666666666666665,-0.67,1.875,0.25,48.3125,187.375,-21.6875,6.5,-0.06341552734375,0.191650390625,0.04132080078125,-0.978515625,0.2962453376934545,0.3982094308317678,0.3379095440748334
1589543232.8905127,-1.71,-0.75,9.06,0.2733333333333333,-0.36444444444444446,-0.6766666666666666,-0.25,-3.625,39.5,187.0,-21.375,6.25,-0.06024169921875,0.18865966796875,0.0406494140625,-0.9793701171875,0.34232915890069343,0.41713108403018173,0.34953162930465587
1589543232.8968046,-2.1,-0.85,9.55,0.2733333333333333,-0.36444444444444446,-0.6766666666666666,0.0625,-1.0625,32.8125,186.6875,-21.0625,6.125,-0.05767822265625,0.18609619140625,0.0400390625,-0.98004150390625,0.34232915890069343,0.41713108403018173,0.34953162930465587
1589543232.9060972,-1.63,-0.63,8.33,0.2733333333333333,-0.36444444444444446,-0.6766666666666666,0.25,0.1875,24.5625,186.4375,-21.125,6.0,-0.05560302734375,0.18621826171875,0.0396728515625,-0.98016357421875,0.27496052092173096,0.41713108403018173,0.34953162930465587
1589543232.91614,-1.65,-0.83,9.04,0.2733333333333333,-0.36444444444444446,-0.6766666666666666,-2.875,-5.8125,14.8125,186.3125,-21.0625,6.0,-0.0543212890625,0.185791015625,0.0396728515625,-0.98028564453125,0.27496052092173096,0.2876789338815911,0.35199575785121906
1589543232.9288356,-2.09,-0.89,9.91,0.2733333333333333,-0.36444444444444446,-0.6766666666666666,-1.1875,-1.125,7.875,186.25,-21.0625,6.0,-0.05364990234375,0.18572998046875,0.0396728515625,-0.9803466796875,0.34232915890069343,0.36695276956707285,0.3567681567603077
1589543232.9362974,-1.89,-0.52,8.5,0.31777777777777777,-0.37333333333333335,-0.6622222222222223,2.125,2.375,2.9375,186.1875,-21.0625,5.9375,-0.053466796875,0.1859130859375,0.0394287109375,-0.9803466796875,0.34232915890069343,0.36695276956707285,0.3567681567603077
1589543232.9466324,-1.5,-0.6,9.9,0.31777777777777777,-0.37333333333333335,-0.6622222222222223,-0.1875,-2.4375,-6.625,186.25,-21.0625,6.0,-0.05401611328125,0.1856689453125,0.03955078125,-0.9803466796875,0.2876789338815911,0.3696522432444459,0.2876789338815911
1589543232.956899,-1.25,-0.59,8.47,0.31777777777777777,-0.37333333333333335,-0.6622222222222223,0.9375,1.5625,-24.25,186.5,-21.0625,6.0625,-0.0560302734375,0.18572998046875,0.03985595703125,-0.98016357421875,0.2876789338815911,0.3696522432444459,0.2876789338815911
1589543232.9687738,-1.25,-0.8,8.35,0.31777777777777777,-0.37333333333333335,-0.6622222222222223,-2.5625,-1.0,-48.375,187.0,-21.0,6.25,-0.05999755859375,0.18548583984375,0.04083251953125,-0.97998046875,0.33136596019053416,0.5569797040159007,0.3593288242735007
1589543232.982938,-2.03,-1.07,9.87,0.31777777777777777,-0.37333333333333335,-0.6622222222222223,-4.0,-2.0625,-65.125,187.625,-20.875,6.5625,-0.0653076171875,0.18511962890625,0.04217529296875,-0.9796142578125,0.2876789338815911,0.5404858756862139,0.3920522731410346
1589543232.9882855,-2.3,-0.83,8.49,0.3111111111111111,-0.36444444444444446,-0.67,0.5,5.25,-71.75,188.3125,-20.875,6.8125,-0.0712890625,0.185302734375,0.04327392578125,-0.9791259765625,0.2876789338815911,0.5404858756862139,0.3920522731410346
1589543233.0008914,-2.08,-0.93,8.92,0.3111111111111111,-0.36444444444444446,-0.67,-1.6875,3.1875,-77.9375,189.0625,-20.8125,7.125,-0.07769775390625,0.185302734375,0.04461669921875,-0.97857666015625,0.34469892955945086,0.16718914608078803,0.3291641949951565
1589543233.007234,-1.47,-0.96,8.64,0.3111111111111111,-0.36444444444444446,-0.67,-1.0,3.5625,-83.25,189.875,-20.75,7.4375,-0.0845947265625,0.18524169921875,0.04595947265625,-0.97796630859375,0.34469892955945086,0.16718914608078803,0.3291641949951565
1589543233.021107,-2.05,-1.16,8.84,0.3111111111111111,-0.36444444444444446,-0.67,-0.1875,3.5625,-91.5625,190.75,-20.625,7.75,-0.0921630859375,0.1851806640625,0.04742431640625,-0.97723388671875,0.2811853495413832,0.16596431851254956,0.33136596019053416
1589543233.028635,-1.41,-1.23,9.31,0.3111111111111111,-0.36444444444444446,-0.67,-3.3125,1.3125,-100.4375,191.6875,-20.5625,8.125,-0.10040283203125,0.1849365234375,0.04925537109375,-0.97637939453125,0.2811853495413832,0.16596431851254956,0.33136596019053416
1589543233.0371752,-1.82,-1.32,8.88,0.35,-0.36444444444444446,-0.67,-1.1875,5.75,-111.75,192.8125,-20.4375,8.5625,-0.109619140625,0.1849365234375,0.051025390625,-0.97528076171875,0.34232915890069343,0.16596431851254956,0.33136596019053416
1589543233.0487175,-1.5,-1.49,9.46,0.35,-0.36444444444444446,-0.67,-2.25,3.3125,-123.8125,194.0,-20.25,9.0,-0.11981201171875,0.1846923828125,0.0531005859375,-0.9739990234375,0.34232915890069343,0.1596866833461859,0.32083268013065175
1589543233.0574956,-2.0,-1.64,9.46,0.35,-0.36444444444444446,-0.67,-2.5625,4.6875,-132.6875,195.25,-20.125,9.5,-0.13067626953125,0.18450927734375,0.05535888671875,-0.9725341796875,0.27496052092173096,0.1596866833461859,0.32083268013065175
1589543233.0676515,-2.28,-1.52,8.52,0.35,-0.36444444444444446,-0.67,1.375,11.5,-137.0,196.625,-20.0,10.0,-0.14202880859375,0.184814453125,0.0572509765625,-0.97076416015625,0.27496052092173096,0.15912263623198566,0.3227201175914994
1589543233.078903,-2.43,-1.61,8.52,0.35,-0.36444444444444446,-0.67,-0.8125,7.3125,-140.0,198.0,-19.8125,10.5,-0.15350341796875,0.1846923828125,0.05938720703125,-0.96893310546875,0.35199575785121906,0.282659406116019,0.3227201175914994
1589543233.0866456,-2.69,-1.9,9.21,0.3888888888888889,-0.3466666666666667,-0.6766666666666666,-5.6875,1.0,-142.125,199.3125,-19.5625,11.0625,-0.1650390625,0.18414306640625,0.06207275390625,-0.96697998046875,0.35199575785121906,0.282659406116019,0.34953162930465587
1589543233.1016414,-3.05,-2.12,9.69,0.3888888888888889,-0.3466666666666667,-0.6766666666666666,-5.625,2.25,-139.9375,200.6875,-19.3125,11.5625,-0.1763916015625,0.18365478515625,0.064697265625,-0.96484375,0.33337121366189926,0.2498081443595784,0.34469892955945086
1589543233.1089215,-3.99,-2.3,9.11,0.3888888888888889,-0.3466666666666667,-0.6766666666666666,1.375,9.5625,-128.875,201.9375,-19.1875,12.0,-0.18695068359375,0.1837158203125,0.06640625,-0.9627685546875,0.33337121366189926,0.2498081443595784,0.34469892955945086
1589543233.1204898,-3.23,-2.25,8.72,0.3888888888888889,-0.3466666666666667,-0.6766666666666666,0.0,8.0,-113.5625,203.0625,-19.0,12.375,-0.19622802734375,0.1837158203125,0.06805419921875,-0.9608154296875,0.33337121366189926,0.282659406116019,0.3593288242735007
1589543233.129843,-2.87,-2.19,9.19,0.3888888888888889,-0.3466666666666667,-0.6766666666666666,-3.5625,1.0625,-103.5,204.0625,-18.8125,12.75,-0.20458984375,0.1832275390625,0.0699462890625,-0.958984375,0.33337121366189926,0.282659406116019,0.3593288242735007
1589543233.14085,-3.63,-2.45,9.65,0.43555555555555553,-0.3377777777777778,-0.6977777777777778,-1.1875,4.125,-94.0625,204.9375,-18.625,13.0625,-0.212158203125,0.18304443359375,0.0714111328125,-0.957275390625,0.32083268013065175,0.34022226900883096,0.33337121366189926
1589543233.1517935,-2.86,-2.08,8.33,0.43555555555555553,-0.3377777777777778,-0.6977777777777778,0.25,6.4375,-84.0625,205.8125,-18.5,13.3125,-0.218994140625,0.18304443359375,0.07257080078125,-0.95562744140625,0.32083268013065175,0.3834344053953583,0.3696522432444459
1589543233.1580296,-2.32,-2.09,9.22,0.43555555555555553,-0.3377777777777778,-0.6977777777777778,-3.4375,1.1875,-78.625,206.5625,-18.375,13.625,-0.22528076171875,0.1827392578125,0.07403564453125,-0.9541015625,0.32083268013065175,0.3834344053953583,0.3696522432444459
1589543233.1732028,-1.76,-1.86,8.43,0.43555555555555553,-0.3377777777777778,-0.6977777777777778,-0.875,4.125,-74.6875,207.25,-18.1875,13.875,-0.2313232421875,0.1826171875,0.0751953125,-0.95263671875,0.27496052092173096,0.4457710691193347,0.3291641949951565
1589543233.17942,-2.31,-2.19,9.27,0.43555555555555553,-0.3377777777777778,-0.6977777777777778,-0.1875,3.75,-76.625,208.0,-18.0625,14.0625,-0.237548828125,0.18243408203125,0.0762939453125,-0.9510498046875,0.27496052092173096,0.4457710691193347,0.3291641949951565
1589543233.1912448,-1.95,-2.1,8.77,0.5011111111111111,-0.6322222222222222,-0.5988888888888889,-1.875,3.9375,-81.4375,208.8125,-17.9375,14.375,-0.24407958984375,0.1822509765625,0.07763671875,-0.94927978515625,0.23189340531280003,0.3920522731410346,0.3269896237620402
1589543233.1976368,-1.19,-2.0,9.06,0.5011111111111111,-0.6322222222222222,-0.5988888888888889,-4.3125,-0.375,-86.875,209.625,-17.6875,14.6875,-0.2509765625,0.1817626953125,0.07928466796875,-0.94744873046875,0.23189340531280003,0.3920522731410346,0.3269896237620402
1589543233.2113054,-1.82,-2.39,9.8,0.5011111111111111,-0.6322222222222222,-0.5988888888888889,-1.4375,2.875,-93.6875,210.5625,-17.5,14.9375,-0.2584228515625,0.181396484375,0.080810546875,-0.94537353515625,0.33136596019053416,0.2618207959448959,0.26883851941761866
1589543233.2178574,-2.05,-2.39,8.37,0.5011111111111111,-0.6322222222222222,-0.5988888888888889,1.4375,11.0,-99.6875,211.5,-17.375,15.25,-0.2664794921875,0.18157958984375,0.08197021484375,-0.9429931640625,0.33136596019053416,0.2618207959448959,0.26883851941761866
1589543233.2304938,-1.23,-2.29,8.92,0.5011111111111111,-0.6322222222222222,-0.5988888888888889,-1.4375,4.5,-105.3125,212.5625,-17.125,15.5625,-0.27490234375,0.18121337890625,0.0836181640625,-0.9405517578125,0.33337121366189926,0.2618207959448959,0.26883851941761866
1589543233.237688,-2.16,-2.89,9.93,1.1677777777777778,-0.9488888888888889,-0.4222222222222222,-4.0625,0.9375,-113.125,213.625,-16.8125,15.9375,-0.2838134765625,0.18060302734375,0.08563232421875,-0.93780517578125,0.33337121366189926,0.2795642795680213,0.32083268013065175
1589543233.247905,-1.73,-2.56,8.26,1.1677777777777778,-0.9488888888888889,-0.4222222222222222,1.1875,8.875,-118.625,214.8125,-16.625,16.25,-0.29327392578125,0.180419921875,0.08709716796875,-0.934814453125,0.33136596019053416,0.41075044065421673,0.32083268013065175
1589543233.253683,-1.73,-2.56,8.26,1.1677777777777778,-0.9488888888888889,-0.4222222222222222,1.1875,8.875,-118.625,214.8125,-16.625,16.25,-0.29327392578125,0.180419921875,0.08709716796875,-0.934814453125,0.33136596019053416,0.41075044065421673,0.27496052092173096
1589543233.2609155,-1.78,-2.95,9.49,1.1677777777777778,-0.9488888888888889,-0.4222222222222222,-0.4375,5.25,-126.375,216.0625,-16.3125,16.625,-0.30328369140625,0.17987060546875,0.08892822265625,-0.9315185546875,0.33136596019053416,0.41075044065421673,0.27496052092173096
1589543233.2726395,-2.12,-2.98,7.98,1.1677777777777778,-0.9488888888888889,-0.4222222222222222,-1.75,8.625,-134.9375,217.375,-16.0,17.0,-0.31390380859375,0.1795654296875,0.09088134765625,-0.9278564453125,0.34022226900883096,0.37769476929769935,0.27496052092173096
1589543233.2806675,-1.79,-3.05,9.14,1.1677777777777778,-0.9488888888888889,-0.4222222222222222,-1.3125,6.75,-141.875,218.75,-15.6875,17.375,-0.32501220703125,0.17901611328125,0.09295654296875,-0.9239501953125,0.34022226900883096,0.37769476929769935,0.27496052092173096
1589543233.292445,-1.78,-3.14,8.89,0.6377777777777778,-0.28888888888888886,-0.7244444444444444,-1.0,6.1875,-147.8125,220.1875,-15.3125,17.75,-0.33660888671875,0.17840576171875,0.0950927734375,-0.919677734375,0.34022226900883096,0.3593288242735007,0.250989107954587
1589543233.302989,-1.99,-3.33,8.86,0.6377777777777778,-0.28888888888888886,-0.7244444444444444,-3.25,6.125,-153.125,221.6875,-14.875,18.1875,-0.34844970703125,0.177734375,0.09747314453125,-0.9151611328125,0.3379095440748334,0.3642899190747107,0.250989107954587
1589543233.3093002,-2.05,-3.47,8.8,0.6377777777777778,-0.28888888888888886,-0.7244444444444444,-4.125,5.0,-156.5625,223.1875,-14.4375,18.625,-0.3604736328125,0.17694091796875,0.0999755859375,-0.91033935546875,0.3379095440748334,0.3642899190747107,0.33136596019053416
1589543233.3239965,-1.52,-3.28,9.46,0.6377777777777778,-0.28888888888888886,-0.7244444444444444,-3.5,5.0625,-159.1875,224.75,-14.0,19.0,-0.3726806640625,0.17608642578125,0.10247802734375,-0.90533447265625,0.34232915890069343,0.3470995556283895,0.34232915890069343
1589543233.3310106,-1.18,-3.1,8.7,0.6377777777777778,-0.28888888888888886,-0.7244444444444444,1.5,11.375,-161.875,226.3125,-13.5625,19.375,-0.38519287109375,0.17547607421875,0.1043701171875,-0.89996337890625,0.34232915890069343,0.3470995556283895,0.34232915890069343
1589543233.3379927,-1.86,-3.64,9.28,0.5722222222222222,-0.10666666666666667,-0.7244444444444444,0.4375,9.75,-167.3125,227.9375,-13.125,19.75,-0.39794921875,0.17474365234375,0.10650634765625,-0.894287109375,0.34232915890069343,0.3470995556283895,0.34232915890069343
1589543233.349812,-1.65,-3.51,8.72,0.5722222222222222,-0.10666666666666667,-0.7244444444444444,-1.3125,9.25,-170.0,229.625,-12.625,20.125,-0.41082763671875,0.17388916015625,0.10882568359375,-0.88836669921875,0.34022226900883096,0.3642899190747107,0.31468770072761004
1589543233.3625805,-1.34,-3.42,8.8,0.5722222222222222,-0.10666666666666667,-0.7244444444444444,-0.6875,9.0625,-169.8125,231.25,-12.1875,20.5,-0.423583984375,0.17303466796875,0.11102294921875,-0.8822021484375,0.34022226900883096,0.3863657601866544,0.33136596019053416
1589543233.3687644,-1.87,-3.74,8.92,0.5722222222222222,-0.10666666666666667,-0.7244444444444444,-1.0,8.8125,-170.1875,232.9375,-11.6875,20.8125,-0.436279296875,0.172119140625,0.11328125,-0.87591552734375,0.34022226900883096,0.3863657601866544,0.33136596019053416
1589543233.3842738,-1.98,-3.92,9.16,0.5722222222222222,-0.10666666666666667,-0.7244444444444444,-2.75,6.125,-169.125,234.5625,-11.125,21.1875,-0.44879150390625,0.1710205078125,0.11572265625,-0.86944580078125,0.34022226900883096,0.33562603819066317,0.316711414149526
1589543233.3898528,-2.03,-4.06,8.51,0.57,-0.013333333333333334,-0.7466666666666667,-1.125,8.5,-166.25,236.1875,-10.625,21.5,-0.46099853515625,0.1700439453125,0.11785888671875,-0.8629150390625,0.34022226900883096,0.33562603819066317,0.316711414149526
1589543233.3993,-2.04,-4.06,8.93,0.57,-0.013333333333333334,-0.7466666666666667,-1.75,6.75,-163.3125,237.8125,-10.125,21.75,-0.472900390625,0.16900634765625,0.12005615234375,-0.85638427734375,0.3379095440748334,0.36695276956707285,0.316711414149526
1589543233.4087622,-1.54,-3.67,8.65,0.57,-0.013333333333333334,-0.7466666666666667,-2.4375,6.125,-159.5625,239.3125,-9.5625,22.0625,-0.48443603515625,0.16790771484375,0.12225341796875,-0.84979248046875,0.3379095440748334,0.36695276956707285,0.32083268013065175
1589543233.4196384,-1.26,-3.62,8.9,0.57,-0.013333333333333334,-0.7466666666666667,-1.9375,5.6875,-156.75,240.875,-9.0625,22.3125,-0.49566650390625,0.166748046875,0.1243896484375,-0.84320068359375,0.2811853495413832,0.36695276956707285,0.32083268013065175
1589543233.4311945,-1.27,-3.86,9.01,0.57,-0.013333333333333334,-0.7466666666666667,-0.875,6.25,-154.1875,242.375,-8.5625,22.5,-0.50665283203125,0.16558837890625,0.1263427734375,-0.83660888671875,0.2811853495413832,0.32083268013065175,0.3187595953260988
1589543233.4393663,-1.58,-4.16,9.16,0.5733333333333334,0.05333333333333334,-0.7466666666666667,-1.5625,7.0,-150.375,243.8125,-8.0625,22.75,-0.51727294921875,0.16455078125,0.12823486328125,-0.83001708984375,0.27496052092173096,0.37769476929769935,0.3187595953260988
1589543233.4488206,-1.95,-4.45,10.12,0.5733333333333334,0.05333333333333334,-0.7466666666666667,-3.375,4.0625,-143.9375,245.25,-7.5625,22.9375,-0.52734375,0.16339111328125,0.13031005859375,-0.82354736328125,0.27496052092173096,0.37769476929769935,0.3291641949951565
1589543233.4595652,-9.31,-11.31,11.48,0.5733333333333334,0.05333333333333334,-0.7466666666666667,3.75,14.0625,-132.1875,246.5625,-7.1875,23.0625,-0.5367431640625,0.16278076171875,0.1312255859375,-0.81744384765625,0.27496052092173096,0.3034114163524859,0.33562603819066317
1589543233.4690065,-26.03,-9.68,1.37,0.5733333333333334,0.05333333333333334,-0.7466666666666667,13.0,78.0625,-68.9375,247.375,-7.625,23.0625,-0.54248046875,0.16680908203125,0.127685546875,-0.8133544921875,0.27496052092173096,0.3034114163524859,0.33562603819066317
1589543233.4810426,-0.11,-0.14,4.86,0.5733333333333334,0.05333333333333334,-0.7466666666666667,-87.375,-79.0,-424.625,251.25,-5.25,24.3125,-0.5692138671875,0.16070556640625,0.14324951171875,-0.79351806640625,0.20253976807889823,0.4344734393227604,0.3890400161097513
1589543233.4884186,1.41,-3.47,16.23,0.5311111111111111,0.15444444444444444,-0.72,-83.0625,-17.9375,-349.3125,254.5625,-3.6875,25.3125,-0.59100341796875,0.1591796875,0.15435791015625,-0.775634765625,0.20253976807889823,0.4344734393227604,0.3890400161097513
1589543233.4988918,1.41,-3.47,16.23,0.5311111111111111,0.15444444444444444,-0.72,-83.0625,-17.9375,-349.3125,254.5625,-3.6875,25.3125,-0.59100341796875,0.1591796875,0.15435791015625,-0.775634765625,0.19422252240126142,0.33337121366189926,0.3805443575158459
1589543233.5041306,-2.94,-2.14,3.29,0.5311111111111111,0.15444444444444444,-0.72,25.5625,94.1875,-279.9375,257.5,-3.3125,25.25,-0.6107177734375,0.16033935546875,0.15167236328125,-0.76043701171875,0.19422252240126142,0.33337121366189926,0.3805443575158459
1589543233.515296,-1.62,-1.54,5.49,0.5311111111111111,0.15444444444444444,-0.72,89.875,27.75,-234.8125,259.875,-2.625,24.5,-0.62725830078125,0.15447998046875,0.1475830078125,-0.74896240234375,0.24108828042763367,0.2909449891581246,0.35199575785121906
1589543233.521038,0.88,-0.54,9.3,0.5311111111111111,0.15444444444444444,-0.72,61.6875,-5.1875,-188.0625,261.6875,-1.8125,24.0,-0.6397705078125,0.14849853515625,0.14642333984375,-0.73974609375,0.24108828042763367,0.2909449891581246,0.35199575785121906
1589543233.5356483,0.62,-1.19,7.79,0.5311111111111111,0.15444444444444444,-0.72,-31.3125,0.5,-122.125,262.875,-1.3125,24.3125,-0.64697265625,0.148681640625,0.14990234375,-0.732666015625,0.250989107954587,0.2472206304085751,0.3470995556283895
1589543233.5421536,1.14,-1.65,10.25,0.5022222222222222,0.27111111111111114,-0.7122222222222222,-12.1875,-0.4375,-92.0625,263.75,-1.0,24.4375,-0.65252685546875,0.148193359375,0.15179443359375,-0.72747802734375,0.250989107954587,0.2472206304085751,0.3470995556283895
1589543233.5542982,0.46,-2.19,6.97,0.5022222222222222,0.27111111111111114,-0.7122222222222222,15.0625,11.4375,-73.0625,264.5,-0.75,24.3125,-0.6573486328125,0.1470947265625,0.151123046875,-0.7235107421875,0.22753801560653777,0.5248822708840922,0.3642899190747107
1589543233.560983,0.34,-2.98,9.96,0.5022222222222222,0.27111111111111114,-0.7122222222222222,-0.0625,1.4375,-50.1875,265.0,-0.5625,24.3125,-0.660400390625,0.14654541015625,0.15167236328125,-0.720703125,0.22753801560653777,0.5248822708840922,0.3642899190747107
1589543233.5709114,0.4,-2.82,9.45,0.5022222222222222,0.27111111111111114,-0.7122222222222222,-6.8125,-4.375,-31.1875,265.25,-0.4375,24.375,-0.66217041015625,0.146240234375,0.15277099609375,-0.7188720703125,0.23189340531280003,0.3015432709413334,0.3642899190747107
1589543233.5813413,0.11,-2.63,8.47,0.5022222222222222,0.27111111111111114,-0.7122222222222222,4.0625,5.4375,-21.875,265.5,-0.375,24.375,-0.66363525390625,0.1461181640625,0.1524658203125,-0.7176513671875,0.23189340531280003,0.3015432709413334,0.3015432709413334
1589543233.5898385,-0.33,-3.03,8.8,0.4577777777777778,0.31444444444444447,-0.7266666666666667,1.75,1.875,-15.25,265.625,-0.375,24.3125,-0.66461181640625,0.14593505859375,0.15240478515625,-0.716796875,0.22753801560653777,0.3015432709413334,0.3015432709413334
1589543233.6001446,-0.37,-2.92,9.15,0.4577777777777778,0.31444444444444447,-0.7266666666666667,-5.0,-1.9375,-3.8125,265.6875,-0.3125,24.375,-0.66473388671875,0.14599609375,0.15289306640625,-0.716552734375,0.22753801560653777,0.4042283755220455,0.28598735499456934
1589543233.610699,-0.36,-2.91,8.53,0.4577777777777778,0.31444444444444447,-0.7266666666666667,-0.0625,0.125,8.4375,265.5625,-0.375,24.375,-0.66424560546875,0.1461181640625,0.15277099609375,-0.717041015625,0.23189340531280003,0.2876789338815911,0.28598735499456934
1589543233.619745,-0.44,-3.09,8.86,0.4577777777777778,0.31444444444444447,-0.7266666666666667,3.75,0.5625,19.625,265.375,-0.4375,24.3125,-0.6630859375,0.14617919921875,0.15234375,-0.71820068359375,0.23189340531280003,0.2876789338815911,0.33136596019053416
1589543233.6333704,-0.37,-2.89,8.71,0.4577777777777778,0.31444444444444447,-0.7266666666666667,1.5,-0.9375,29.8125,265.125,-0.5625,24.3125,-0.6612548828125,0.14642333984375,0.15191650390625,-0.7198486328125,0.2233331025931826,0.37769476929769935,0.3128869263878623
1589543233.6391716,-0.24,-3.01,9.08,0.4666666666666667,0.3244444444444444,-0.7144444444444444,-0.9375,-2.5625,40.125,264.6875,-0.6875,24.3125,-0.65875244140625,0.1468505859375,0.151611328125,-0.72210693359375,0.2233331025931826,0.37769476929769935,0.3128869263878623
1589543233.6497984,-0.26,-2.86,8.76,0.4666666666666667,0.3244444444444444,-0.7144444444444444,-0.5,-2.6875,48.4375,264.25,-0.8125,24.3125,-0.65576171875,0.14727783203125,0.15118408203125,-0.724853515625,0.23640729479891587,0.37769476929769935,0.3128869263878623
1589543233.6559825,-0.26,-2.86,8.76,0.4666666666666667,0.3244444444444444,-0.7144444444444444,-0.5,-2.6875,48.4375,264.25,-0.8125,24.3125,-0.65576171875,0.14727783203125,0.15118408203125,-0.724853515625,0.23640729479891587,0.37769476929769935,0.3015432709413334
1589543233.6640368,5.49,-29.04,5.45,0.4666666666666667,0.3244444444444444,-0.7144444444444444,0.6875,-2.8125,53.9375,263.6875,-1.0625,24.3125,-0.6524658203125,0.14776611328125,0.150634765625,-0.7279052734375,0.22439736427242424,0.37769476929769935,0.3015432709413334
1589543233.670945,-1.29,-4.44,11.72,0.4666666666666667,0.3244444444444444,-0.7144444444444444,-10.1875,-18.8125,-10.0,263.75,-0.8125,24.375,-0.6527099609375,0.14703369140625,0.15240478515625,-0.7274169921875,0.22439736427242424,0.36695276956707285,0.3291641949951565
1589543233.6856382,-1.45,-0.57,8.07,0.4666666666666667,0.3244444444444444,-0.7144444444444444,-9.25,11.75,-104.125,264.8125,-0.5,24.5,-0.65911865234375,0.14691162109375,0.15362548828125,-0.72137451171875,0.20422980471978275,0.3696522432444459,0.3291641949951565
1589543233.6909742,-1.6,-3.33,10.16,0.47444444444444445,0.31444444444444447,-0.7055555555555556,23.5,20.8125,-83.0,265.625,-0.375,24.3125,-0.6646728515625,0.14581298828125,0.15203857421875,-0.716796875,0.20422980471978275,0.3696522432444459,0.266019071416992
1589543233.7054887,-0.99,-2.96,9.05,0.47444444444444445,0.31444444444444447,-0.7055555555555556,-1.5,0.0,-54.3125,266.1875,-0.125,24.3125,-0.66796875,0.14520263671875,0.15277099609375,-0.7137451171875,0.2233331025931826,0.36695276956707285,0.3291641949951565
1589543233.7112658,1.82,-9.35,8.21,0.47444444444444445,0.31444444444444447,-0.7055555555555556,-10.4375,-1.4375,-22.75,266.375,-0.0625,24.375,-0.669189453125,0.1453857421875,0.15380859375,-0.71234130859375,0.2233331025931826,0.36695276956707285,0.3291641949951565
1589543233.7212946,-0.21,-6.38,8.47,0.47444444444444445,0.31444444444444447,-0.7055555555555556,-0.625,-6.0625,-29.375,266.6875,0.0625,24.4375,-0.6708984375,0.1446533203125,0.154541015625,-0.710693359375,0.2007888161675293,0.36695276956707285,0.3291641949951565
1589543233.732265,-0.22,-6.47,7.91,0.47444444444444445,0.31444444444444447,-0.7055555555555556,3.6875,10.875,-41.1875,267.0625,0.125,24.375,-0.67352294921875,0.14459228515625,0.1541748046875,-0.70831298828125,0.2007888161675293,0.3593288242735007,0.27496052092173096
1589543233.7441404,-0.46,-4.34,9.46,0.4688888888888889,0.35555555555555557,-0.7144444444444444,4.375,-0.3125,-24.3125,267.3125,0.25,24.3125,-0.675048828125,0.14404296875,0.15423583984375,-0.70697021484375,0.2233331025931826,0.37769476929769935,0.3291641949951565
1589543233.7509153,-0.3,-5.17,8.52,0.4688888888888889,0.35555555555555557,-0.7144444444444444,-7.125,-1.4375,-16.5,267.5,0.3125,24.375,-0.6759033203125,0.14410400390625,0.1549072265625,-0.7059326171875,0.2233331025931826,0.37769476929769935,0.3291641949951565
1589543233.7642875,-0.1,-4.49,8.79,0.4688888888888889,0.35555555555555557,-0.7144444444444444,0.1875,0.9375,-7.75,267.5625,0.3125,24.375,-0.6763916015625,0.14410400390625,0.15496826171875,-0.70550537109375,0.19829965246048872,0.3723890828255631,0.29969651553482884
1589543233.770428,-0.13,-4.25,8.58,0.4688888888888889,0.35555555555555557,-0.7144444444444444,2.0625,0.25,-2.4375,267.5625,0.3125,24.375,-0.67657470703125,0.1439208984375,0.1549072265625,-0.70538330078125,0.19829965246048872,0.3723890828255631,0.29969651553482884
1589543233.7807882,-0.13,-4.25,8.58,0.4688888888888889,0.35555555555555557,-0.7144444444444444,2.0625,0.25,-2.4375,267.5625,0.3125,24.375,-0.67657470703125,0.1439208984375,0.1549072265625,-0.70538330078125,0.2233331025931826,0.34469892955945086,0.3379095440748334
1589543233.7901762,0.0,-4.34,8.84,0.4955555555555556,0.3622222222222222,-0.7055555555555556,-0.125,-0.5,-0.25,267.5625,0.3125,24.375,-0.67657470703125,0.14385986328125,0.15484619140625,-0.70538330078125,0.2233331025931826,0.34469892955945086,0.3379095440748334
